"Id","Path","Slice Name","Alias(s)","Label","Min","Max","Must Support?","Is Modifier?","Is Summary?","Type(s)","Short","Definition","Comments","Requirements","Default Value","Meaning When Missing","Fixed Value","Pattern","Example","Minimum Value","Maximum Value","Maximum Length","Binding Strength","Binding Description","Binding Value Set","Code","Slicing Discriminator","Slicing Description","Slicing Ordered","Slicing Rules","Base Path","Base Min","Base Max","Condition(s)","Constraint(s)","Mapping: FiveWs Pattern Mapping","Mapping: RIM Mapping","Mapping: Interface Pattern"
"HealthcareService","HealthcareService","","","",0,*,"","","","null {[]} {[]}
","The details of a healthcare service available at a location","The details of a healthcare service available at a location.","","","","","","","","","",,,,,"",,,,"HealthcareService",0,*,"","dom-2:If the resource is contained in another resource, it SHALL NOT contain nested Resources {contained.contained.empty()}
dom-3:If the resource is contained in another resource, it SHALL be referred to from elsewhere in the resource or SHALL refer to the containing resource {contained.where((('#'+id in (%resource.descendants().reference | %resource.descendants().ofType(canonical) | %resource.descendants().ofType(uri) | %resource.descendants().ofType(url))) or descendants().where(reference = '#').exists() or descendants().where(ofType(canonical) = '#').exists() or descendants().where(ofType(canonical) = '#').exists()).not()).trace('unmatched', id).empty()}dom-4:If a resource is contained in another resource, it SHALL NOT have a meta.versionId or a meta.lastUpdated {contained.meta.versionId.empty() and contained.meta.lastUpdated.empty()}dom-5:If a resource is contained in another resource, it SHALL NOT have a security label {contained.meta.security.empty()}dom-6:A resource should have narrative for robust management {text.`div`.exists()}hsacat-service-provider:En HealthcareService SHALL ha providedBy (tillhandahållande organisation). {providedBy.exists()}hsacat-digital-service-contact:En digital HealthcareService SHALL ha telecom eller endpoint. {type.coding.where(code = 'digital').exists() implies (contact.telecom.exists() or endpoint.exists())}","administrative.group","Entity, Role, or Act,act[classCode=ACT][moodCode=DEF]","Participant"
"HealthcareService.id","HealthcareService.id","","","",0,1,"","","Y","id {[]} {[]}
","Logical id of this artifact","The logical id of the resource, as used in the URL for the resource. Once assigned, this value never changes.","Within the context of the FHIR RESTful interactions, the resource has an id except for cases like the create and conditional update. Otherwise, the use of the resouce id depends on the given use case.","","","","","","","","",,,,,"",,,,"Resource.id",0,1,"",""
"HealthcareService.meta","HealthcareService.meta","","","",0,1,"","","Y","Meta {[]} {[]}
","Metadata about the resource","The metadata about the resource. This is content that is maintained by the infrastructure. Changes to the content might not always be associated with version changes to the resource.","","","","","","","","","",,,,,"",,,,"Resource.meta",0,1,"","ele-1:All FHIR elements must have a @value or children {hasValue() or (children().count() > id.count())}
"
"HealthcareService.meta.id","HealthcareService.meta.id","","","",0,1,"","","","id {[]} {[]}
","Unique id for inter-element referencing","Unique id for the element within a resource (for internal references). This may be any string value that does not contain spaces.","","","","","","","","","",,,,,"",,,,"Element.id",0,1,"ele-1
","","n/a"
"HealthcareService.meta.extension","HealthcareService.meta.extension","","extensions
user content","",0,*,"","","","Extension {[]} {[]}
","Additional content defined by implementations","May be used to represent additional information that is not part of the basic definition of the element. To make the use of extensions safe and managable, there is a strict set of governance applied to the definition and use of extensions. Though any implementer can define an extension, there is a set of requirements that SHALL be met as part of the definition of the extension.","There can be no stigma associated with the use of extensions by any application, project, or standard - regardless of the institution or jurisdiction that uses or defines the extensions.  The use of extensions is what allows the FHIR specification to retain a core level of simplicity for everyone.","","","","","","","","",,,,,"","value:url}
","Extensions are always sliced by (at least) url",,"open","Element.extension",0,*,"","ele-1:All FHIR elements must have a @value or children {hasValue() or (children().count() > id.count())}
ext-1:Must have either extensions or value[x], not both {extension.exists() != value.exists()}","n/a"
"HealthcareService.meta.versionId","HealthcareService.meta.versionId","","","",0,1,"","","Y","id {[]} {[]}
","Version specific identifier","The version specific identifier, as it appears in the version portion of the URL. This value changes when the resource is created, updated, or deleted.","The server assigns this value, and ignores what the client specifies, except in the case that the server is imposing version integrity on updates/deletes.","","","","","","","","",,,,,"",,,,"Meta.versionId",0,1,"","ele-1:All FHIR elements must have a @value or children {hasValue() or (children().count() > id.count())}
"
"HealthcareService.meta.lastUpdated","HealthcareService.meta.lastUpdated","","","",0,1,"","","Y","instant {[]} {[]}
","When the resource version last changed","When the resource last changed - e.g. when the version changed.","This element is generally omitted in instances submitted in a PUT or POST. Instead, it is populated in the response instance and when retrieving information using a GET. The server / resource manager sets this value; what a client provides is irrelevant. This is equivalent to the HTTP Last-Modified and SHOULD have the same value on a [read](http://hl7.org/fhir/R5/http.html#read) interaction.","","","","","","","","",,,,,"",,,,"Meta.lastUpdated",0,1,"","ele-1:All FHIR elements must have a @value or children {hasValue() or (children().count() > id.count())}
"
"HealthcareService.meta.source","HealthcareService.meta.source","","","",0,1,"","","Y","uri {[]} {[]}
","Identifies where the resource comes from","A uri that identifies the source system of the resource. This provides a minimal amount of [Provenance](http://hl7.org/fhir/R5/provenance.html#) information that can be used to track or differentiate the source of information in the resource. The source may identify another FHIR server, document, message, database, etc.","The exact use of the source (and the possible implied Provenance.entity.role and agent.role) is left to implementer discretion. Only one nominated source is allowed; for additional provenance details, a full Provenance resource should be used. The source may correspond to Provenance.entity.what[x] or Provenance.agent.who[x], though it may be a more general or abstract reference. 

This element can be used to indicate where the current master source of a resource that has a canonical URL if the resource is no longer hosted at the canonical URL.","","","","","","","","",,,,,"",,,,"Meta.source",0,1,"","ele-1:All FHIR elements must have a @value or children {hasValue() or (children().count() > id.count())}
"
"HealthcareService.meta.profile","HealthcareService.meta.profile","","","",0,*,"","","Y","canonical {[]} {[CanonicalType[http://hl7.org/fhir/StructureDefinition/StructureDefinition|5.0.0]]}
","Profiles this resource claims to conform to","A list of profiles (references to [StructureDefinition](http://hl7.org/fhir/R5/structuredefinition.html#) resources) that this resource claims to conform to. The URL is a reference to [StructureDefinition.url](http://hl7.org/fhir/R5/structuredefinition-definitions.html#StructureDefinition.url).","It is up to the server and/or other infrastructure of policy to determine whether/how these claims are verified and/or updated over time.  The list of profile URLs is a set.","","","","","","","","",,,,,"",,,,"Meta.profile",0,*,"","ele-1:All FHIR elements must have a @value or children {hasValue() or (children().count() > id.count())}
"
"HealthcareService.meta.security","HealthcareService.meta.security","","","",0,*,"Y","","Y","Coding {[]} {[]}
","Åtkomstkontroll och publiceringsscope","Security labels applied to this resource. These tags connect specific resources to the overall security policy and infrastructure.","The security labels can be updated without changing the stated version of the resource. The list of security labels is a set. Uniqueness is based the system/code, and version and display are ignored.","","","","","","","","",,"extensible","Security Labels from the Healthcare Privacy and Security Classification System.","http://hl7.org/fhir/ValueSet/security-labels|5.0.0","","value:system}
","",,"open","Meta.security",0,*,"","ele-1:All FHIR elements must have a @value or children {hasValue() or (children().count() > id.count())}
"
"HealthcareService.meta.security:destination-indicator","HealthcareService.meta.security","destination-indicator","","",0,1,"Y","","Y","Coding {[]} {[]}
","Publik synlighet (hsaDestinationIndicator, OID 1.2.752.29.23.1.11)","Kod 03 = Internet/allmänheten. Anger att tjänsten är synlig på t.ex. 1177 Hitta vård.","The security labels can be updated without changing the stated version of the resource. The list of security labels is a set. Uniqueness is based the system/code, and version and display are ignored.","","","","","","","","",,"extensible","Security Labels from the Healthcare Privacy and Security Classification System.","http://hl7.org/fhir/ValueSet/security-labels|5.0.0","",,,,"Meta.security",0,*,"","ele-1:All FHIR elements must have a @value or children {hasValue() or (children().count() > id.count())}
"
"HealthcareService.meta.security:destination-indicator.id","HealthcareService.meta.security.id","","","",0,1,"","","","id {[]} {[]}
","Unique id for inter-element referencing","Unique id for the element within a resource (for internal references). This may be any string value that does not contain spaces.","","","","","","","","","",,,,,"",,,,"Element.id",0,1,"ele-1
","","n/a"
"HealthcareService.meta.security:destination-indicator.extension","HealthcareService.meta.security.extension","","extensions
user content","",0,*,"","","","Extension {[]} {[]}
","Additional content defined by implementations","May be used to represent additional information that is not part of the basic definition of the element. To make the use of extensions safe and managable, there is a strict set of governance applied to the definition and use of extensions. Though any implementer can define an extension, there is a set of requirements that SHALL be met as part of the definition of the extension.","There can be no stigma associated with the use of extensions by any application, project, or standard - regardless of the institution or jurisdiction that uses or defines the extensions.  The use of extensions is what allows the FHIR specification to retain a core level of simplicity for everyone.","","","","","","","","",,,,,"","value:url}
","Extensions are always sliced by (at least) url",,"open","Element.extension",0,*,"","ele-1:All FHIR elements must have a @value or children {hasValue() or (children().count() > id.count())}
ext-1:Must have either extensions or value[x], not both {extension.exists() != value.exists()}","n/a"
"HealthcareService.meta.security:destination-indicator.system","HealthcareService.meta.security.system","","","",1,1,"","","Y","uri {[]} {[]}
","Identity of the terminology system","The identification of the code system that defines the meaning of the symbol in the code.","The URI may be an OID (urn:oid:...) or a UUID (urn:uuid:...).  OIDs and UUIDs SHALL be references to the HL7 OID registry. Otherwise, the URI should come from HL7's list of FHIR defined special URIs or it should be an absolute reference to some definition that establishes the system clearly and unambiguously.","Need to be unambiguous about the source of the definition of the symbol.","","","<valueUri xmlns=""http://hl7.org/fhir"" value=""urn:oid:1.2.752.29.23.1.11""/>","","","","",,,,,"",,,,"Coding.system",0,1,"","ele-1:All FHIR elements must have a @value or children {hasValue() or (children().count() > id.count())}
","./codeSystem"
"HealthcareService.meta.security:destination-indicator.version","HealthcareService.meta.security.version","","","",0,1,"","","Y","string {[]} {[]}
","Version of the system - if relevant","The version of the code system which was used when choosing this code. Note that a well-maintained code system does not need the version reported, because the meaning of codes is consistent across versions. However this cannot consistently be assured, and when the meaning is not guaranteed to be consistent, the version SHOULD be exchanged.","Where the terminology does not clearly define what string should be used to identify code system versions, the recommendation is to use the date (expressed in FHIR date format) on which that version was officially published as the version date.","","","","","","","","",,,,,"",,,,"Coding.version",0,1,"","ele-1:All FHIR elements must have a @value or children {hasValue() or (children().count() > id.count())}
","./codeSystemVersion"
"HealthcareService.meta.security:destination-indicator.code","HealthcareService.meta.security.code","","","",0,1,"","","Y","code {[]} {[]}
","Symbol in syntax defined by the system","A symbol in syntax defined by the system. The symbol may be a predefined code or an expression in a syntax defined by the coding system (e.g. post-coordination).","","Need to refer to a particular code in the system.","","","","","","","",,"required","","https://hsa.inera.se/fhir/ValueSet/hsa-destination-indicator","",,,,"Coding.code",0,1,"cod-1
","ele-1:All FHIR elements must have a @value or children {hasValue() or (children().count() > id.count())}
","./code"
"HealthcareService.meta.security:destination-indicator.display","HealthcareService.meta.security.display","","","",0,1,"","","Y","string {[]} {[]}
","Representation defined by the system","A representation of the meaning of the code in the system, following the rules of the system.","","Need to be able to carry a human-readable meaning of the code for readers that do not know  the system.","","","","","","","",,,,,"",,,,"Coding.display",0,1,"cod-1
","ele-1:All FHIR elements must have a @value or children {hasValue() or (children().count() > id.count())}
","CV.displayName"
"HealthcareService.meta.security:destination-indicator.userSelected","HealthcareService.meta.security.userSelected","","","",0,1,"","","Y","boolean {[]} {[]}
","If this coding was chosen directly by the user","Indicates that this coding was chosen by a user directly - e.g. off a pick list of available items (codes or displays).","Amongst a set of alternatives, a directly chosen code is the most appropriate starting point for new translations. There is some ambiguity about what exactly 'directly chosen' implies, and trading partner agreement may be needed to clarify the use of this element and its consequences more completely.","This has been identified as a clinical safety criterium - that this exact system/code pair was chosen explicitly, rather than inferred by the system based on some rules or language processing.","","","","","","","",,,,,"",,,,"Coding.userSelected",0,1,"","ele-1:All FHIR elements must have a @value or children {hasValue() or (children().count() > id.count())}
","CD.codingRationale"
"HealthcareService.meta.tag","HealthcareService.meta.tag","","","",0,*,"","","Y","Coding {[]} {[]}
","Tags applied to this resource","Tags applied to this resource. Tags are intended to be used to identify and relate resources to process and workflow, and applications are not required to consider the tags when interpreting the meaning of a resource.","The tags can be updated without changing the stated version of the resource. The list of tags is a set. Uniqueness is based the system/code, and version and display are ignored.","","","","","","","","",,"example","Codes that represent various types of tags, commonly workflow-related; e.g. ""Needs review by Dr. Jones"".","http://hl7.org/fhir/ValueSet/common-tags|5.0.0","",,,,"Meta.tag",0,*,"","ele-1:All FHIR elements must have a @value or children {hasValue() or (children().count() > id.count())}
"
"HealthcareService.implicitRules","HealthcareService.implicitRules","","","",0,1,"","Y","Y","uri {[]} {[]}
","A set of rules under which this content was created","A reference to a set of rules that were followed when the resource was constructed, and which must be understood when processing the content. Often, this is a reference to an implementation guide that defines the special rules along with other profiles etc.","Asserting this rule set restricts the content to be only understood by a limited set of trading partners. This inherently limits the usefulness of the data in the long term. However, the existing health eco-system is highly fractured, and not yet ready to define, collect, and exchange data in a generally computable sense. Wherever possible, implementers and/or specification writers should avoid using this element. Often, when used, the URL is a reference to an implementation guide that defines these special rules as part of its narrative along with other profiles, value sets, etc.","","","","","","","","",,,,,"",,,,"Resource.implicitRules",0,1,"","ele-1:All FHIR elements must have a @value or children {hasValue() or (children().count() > id.count())}
"
"HealthcareService.language","HealthcareService.language","","","",0,1,"","","","code {[]} {[]}
","Language of the resource content","The base language in which the resource is written.","Language is provided to support indexing and accessibility (typically, services such as text to speech use the language tag). The html language tag in the narrative applies  to the narrative. The language tag on the resource may be used to specify the language of other presentations generated from the data in the resource. Not all the content has to be in the base language. The Resource.language should not be assumed to apply to the narrative automatically. If a language is specified, it should it also be specified on the div element in the html (see rules in HTML5 for information about the relationship between xml:lang and the html lang attribute).","","","","","","","","",,"required","IETF language tag for a human language","http://hl7.org/fhir/ValueSet/all-languages|5.0.0","",,,,"Resource.language",0,1,"","ele-1:All FHIR elements must have a @value or children {hasValue() or (children().count() > id.count())}
"
"HealthcareService.text","HealthcareService.text","","narrative
htmlxhtmldisplay","",0,1,"","","","Narrative {[]} {[]}
","Text summary of the resource, for human interpretation","A human-readable narrative that contains a summary of the resource and can be used to represent the content of the resource to a human. The narrative need not encode all the structured data, but is required to contain sufficient detail to make it ""clinically safe"" for a human to just read the narrative. Resource definitions may define what content should be represented in the narrative to ensure clinical safety.","Contained resources do not have a narrative. Resources that are not contained SHOULD have a narrative. In some cases, a resource may only have text with little or no additional discrete data (as long as all minOccurs=1 elements are satisfied).  This may be necessary for data from legacy systems where information is captured as a ""text blob"" or where text is additionally entered raw or narrated and encoded information is added later.","","","","","","","","",,,,,"",,,,"DomainResource.text",0,1,"dom-6
","ele-1:All FHIR elements must have a @value or children {hasValue() or (children().count() > id.count())}
","Act.text?"
"HealthcareService.contained","HealthcareService.contained","","inline resources
anonymous resourcescontained resources","",0,*,"","","","Resource {[]} {[]}
","Contained, inline Resources","These resources do not have an independent existence apart from the resource that contains them - they cannot be identified independently, nor can they have their own independent transaction scope. This is allowed to be a Parameters resource if and only if it is referenced by a resource that provides context/meaning.","This should never be done when the content can be identified properly, as once identification is lost, it is extremely difficult (and context dependent) to restore it again. Contained resources may have profiles and tags in their meta elements, but SHALL NOT have security labels.","","","","","","","","",,,,,"",,,,"DomainResource.contained",0,*,"dom-2
dom-4dom-3dom-5","","N/A"
"HealthcareService.extension","HealthcareService.extension","","","",0,*,"","","","Extension {[]} {[]}
","Extension","An Extension","","","","","","","","","",,,,,"","value:url}
","",,"open","DomainResource.extension",0,*,"","ele-1:All FHIR elements must have a @value or children {hasValue() or (children().count() > id.count())}
ext-1:Must have either extensions or value[x], not both {extension.exists() != value.exists()}"
"HealthcareService.extension:temporaryNotice","HealthcareService.extension","temporaryNotice","","",0,1,"Y","","","Extension {[CanonicalType[https://hsa.inera.se/fhir/StructureDefinition/hsa-temporary-notice]]} {[]}
","Tillfällig information (hsaVpwInformation2)","Fri text för tillfällig information om enheten, visas som gul informationsruta
på enhetens kontaktkort på 1177.se. Mappar till LDAP-attributet
hsaVpwInformation2. Slutdatum hanteras separat via organization-period
(http://hl7.org/fhir/StructureDefinition/organization-period).","","","","","","","","","",,,,,"",,,,"DomainResource.extension",0,*,"","ele-1:All FHIR elements must have a @value or children {hasValue() or (children().count() > id.count())}
ext-1:Must have either extensions or value[x], not both {extension.exists() != value.exists()}"
"HealthcareService.extension:patientInfo","HealthcareService.extension","patientInfo","","",0,1,"Y","","","Extension {[CanonicalType[https://hsa.inera.se/fhir/StructureDefinition/hsa-patient-info]]} {[]}
","Information till patient (hsaVpwInformation4)","Informationstext riktad till patient som visas på enhetens 1177-sida.
Mappar till LDAP-attributet hsaVpwInformation4.
Klienter bör rendera som Markdown.","","","","","","","","","",,,,,"",,,,"DomainResource.extension",0,*,"","ele-1:All FHIR elements must have a @value or children {hasValue() or (children().count() > id.count())}
ext-1:Must have either extensions or value[x], not both {extension.exists() != value.exists()}"
"HealthcareService.modifierExtension","HealthcareService.modifierExtension","","extensions
user content","",0,*,"","Y","Y","Extension {[]} {[]}
","Extensions that cannot be ignored","May be used to represent additional information that is not part of the basic definition of the resource and that modifies the understanding of the element that contains it and/or the understanding of the containing element's descendants. Usually modifier elements provide negation or qualification. To make the use of extensions safe and managable, there is a strict set of governance applied to the definition and use of extensions. Though any implementer is allowed to define an extension, there is a set of requirements that SHALL be met as part of the definition of the extension. Applications processing a resource are required to check for modifier extensions.

Modifier extensions SHALL NOT change the meaning of any elements on Resource or DomainResource (including cannot change the meaning of modifierExtension itself).","There can be no stigma associated with the use of extensions by any application, project, or standard - regardless of the institution or jurisdiction that uses or defines the extensions.  The use of extensions is what allows the FHIR specification to retain a core level of simplicity for everyone.","Modifier extensions allow for extensions that *cannot* be safely ignored to be clearly distinguished from the vast majority of extensions which can be safely ignored.  This promotes interoperability by eliminating the need for implementers to prohibit the presence of extensions. For further information, see the [definition of modifier extensions](http://hl7.org/fhir/R5/extensibility.html#modifierExtension).","","","","","","","",,,,,"",,,,"DomainResource.modifierExtension",0,*,"","ele-1:All FHIR elements must have a @value or children {hasValue() or (children().count() > id.count())}
ext-1:Must have either extensions or value[x], not both {extension.exists() != value.exists()}","N/A"
"HealthcareService.identifier","HealthcareService.identifier","","","",0,*,"","","Y","Identifier {[]} {[]}
","External identifiers for this item","External identifiers for this item.","","","","","","","","","",,,,,"",,,,"HealthcareService.identifier",0,*,"","ele-1:All FHIR elements must have a @value or children {hasValue() or (children().count() > id.count())}
","FiveWs.identifier",".id","Participant.identifier"
"HealthcareService.active","HealthcareService.active","","","",1,1,"Y","Y","Y","boolean {[]} {[]}
","Whether this HealthcareService record is in active use","This flag is used to mark the record to not be used. This is not used when a center is closed for maintenance, or for holidays, the notAvailable period is to be used for this.","This element is labeled as a modifier because it may be used to mark that the resource was created in error.","","","This resource is generally assumed to be active if no value is provided for the active element","","","","","",,,,,"",,,,"HealthcareService.active",0,1,"","ele-1:All FHIR elements must have a @value or children {hasValue() or (children().count() > id.count())}
","FiveWs.status",".statusCode","Participant.active"
"HealthcareService.providedBy","HealthcareService.providedBy","","","",1,1,"Y","","Y","Reference {[]} {[CanonicalType[https://hsa.inera.se/fhir/StructureDefinition/hsa-catalog-organization]]}
","Tillhandahållande organisation (obligatorisk)","The organization that provides this healthcare service.","This property is recommended to be the same as the Location's managingOrganization, and if not provided should be interpreted as such. If the Location does not have a managing Organization, then this property should be populated.","","","","","","","","",,,,,"",,,,"HealthcareService.providedBy",0,1,"","ele-1:All FHIR elements must have a @value or children {hasValue() or (children().count() > id.count())}
",".scopingRole.Organization"
"HealthcareService.offeredIn","HealthcareService.offeredIn","","","",0,*,"","","","Reference {[]} {[CanonicalType[http://hl7.org/fhir/StructureDefinition/HealthcareService|5.0.0]]}
","The service within which this service is offered","When the HealthcareService is representing a specific, schedulable service, the availableIn property can refer to a generic service.","For example, if there is a generic Radiology service that offers CT Scans, MRIs, etc.  You could have HealthcareService resources for the CT Scans and MRIs, which have an offeredIn reference to the Radiology HealthcareService.","","","","","","","","",,,,,"",,,,"HealthcareService.offeredIn",0,*,"","ele-1:All FHIR elements must have a @value or children {hasValue() or (children().count() > id.count())}
"
"HealthcareService.category","HealthcareService.category","","service category
","",1,*,"Y","","Y","CodeableConcept {[]} {[]}
","Verksamhetskod och eventuell nationell tjänstekategori","Identifies the broad category of service being performed or delivered.","Selecting a Service Category then determines the list of relevant service types that can be selected in the primary service type.","","","","","","","","",,"example","A category of the service(s) that could be provided.","http://hl7.org/fhir/ValueSet/service-category|5.0.0","","value:coding.system}
","",,"open","HealthcareService.category",0,*,"","ele-1:All FHIR elements must have a @value or children {hasValue() or (children().count() > id.count())}
","FiveWs.class",".code"
"HealthcareService.category:verksamhetskod","HealthcareService.category","verksamhetskod","service category
","",1,*,"Y","","Y","CodeableConcept {[]} {[]}
","Verksamhetskod (businessClassificationCode, HSACAT-TERM-001)","HSA verksamhetskod (OID 1.2.752.129.2.2.1.3). Bred klassificering av
vilken typ av vård/omsorg som bedrivs. Aligns med eHMs hvo-business-
category-inera (required binding). Kan denormaliseras till Encounter.type
av konsumenter som VGR.","Selecting a Service Category then determines the list of relevant service types that can be selected in the primary service type.","","","","","","","","",,"example","A category of the service(s) that could be provided.","http://hl7.org/fhir/ValueSet/service-category|5.0.0","",,,,"HealthcareService.category",0,*,"","ele-1:All FHIR elements must have a @value or children {hasValue() or (children().count() > id.count())}
","FiveWs.class",".code"
"HealthcareService.category:verksamhetskod.id","HealthcareService.category.id","","","",0,1,"","","","id {[]} {[]}
","Unique id for inter-element referencing","Unique id for the element within a resource (for internal references). This may be any string value that does not contain spaces.","","","","","","","","","",,,,,"",,,,"Element.id",0,1,"ele-1
","","n/a"
"HealthcareService.category:verksamhetskod.extension","HealthcareService.category.extension","","extensions
user content","",0,*,"","","","Extension {[]} {[]}
","Additional content defined by implementations","May be used to represent additional information that is not part of the basic definition of the element. To make the use of extensions safe and managable, there is a strict set of governance applied to the definition and use of extensions. Though any implementer can define an extension, there is a set of requirements that SHALL be met as part of the definition of the extension.","There can be no stigma associated with the use of extensions by any application, project, or standard - regardless of the institution or jurisdiction that uses or defines the extensions.  The use of extensions is what allows the FHIR specification to retain a core level of simplicity for everyone.","","","","","","","","",,,,,"","value:url}
","Extensions are always sliced by (at least) url",,"open","Element.extension",0,*,"","ele-1:All FHIR elements must have a @value or children {hasValue() or (children().count() > id.count())}
ext-1:Must have either extensions or value[x], not both {extension.exists() != value.exists()}","n/a"
"HealthcareService.category:verksamhetskod.coding","HealthcareService.category.coding","","","",1,*,"","","Y","Coding {[]} {[]}
","Code defined by a terminology system","A reference to a code defined by a terminology system.","Codes may be defined very casually in enumerations, or code lists, up to very formal definitions such as SNOMED CT - see the HL7 v3 Core Principles for more information.  Ordering of codings is undefined and SHALL NOT be used to infer meaning. Generally, at most only one of the coding values will be labeled as UserSelected = true.","Allows for alternative encodings within a code system, and translations to other code systems.","","","","","","","",,"required","","https://hsa.inera.se/fhir/ValueSet/hsa-service-type","",,,,"CodeableConcept.coding",0,*,"","ele-1:All FHIR elements must have a @value or children {hasValue() or (children().count() > id.count())}
","union(., ./translation)"
"HealthcareService.category:verksamhetskod.coding.id","HealthcareService.category.coding.id","","","",0,1,"","","","id {[]} {[]}
","Unique id for inter-element referencing","Unique id for the element within a resource (for internal references). This may be any string value that does not contain spaces.","","","","","","","","","",,,,,"",,,,"Element.id",0,1,"ele-1
","","n/a"
"HealthcareService.category:verksamhetskod.coding.extension","HealthcareService.category.coding.extension","","extensions
user content","",0,*,"","","","Extension {[]} {[]}
","Additional content defined by implementations","May be used to represent additional information that is not part of the basic definition of the element. To make the use of extensions safe and managable, there is a strict set of governance applied to the definition and use of extensions. Though any implementer can define an extension, there is a set of requirements that SHALL be met as part of the definition of the extension.","There can be no stigma associated with the use of extensions by any application, project, or standard - regardless of the institution or jurisdiction that uses or defines the extensions.  The use of extensions is what allows the FHIR specification to retain a core level of simplicity for everyone.","","","","","","","","",,,,,"","value:url}
","Extensions are always sliced by (at least) url",,"open","Element.extension",0,*,"","ele-1:All FHIR elements must have a @value or children {hasValue() or (children().count() > id.count())}
ext-1:Must have either extensions or value[x], not both {extension.exists() != value.exists()}","n/a"
"HealthcareService.category:verksamhetskod.coding.system","HealthcareService.category.coding.system","","","",1,1,"","","Y","uri {[]} {[]}
","Identity of the terminology system","The identification of the code system that defines the meaning of the symbol in the code.","The URI may be an OID (urn:oid:...) or a UUID (urn:uuid:...).  OIDs and UUIDs SHALL be references to the HL7 OID registry. Otherwise, the URI should come from HL7's list of FHIR defined special URIs or it should be an absolute reference to some definition that establishes the system clearly and unambiguously.","Need to be unambiguous about the source of the definition of the symbol.","","","<valueUri xmlns=""http://hl7.org/fhir"" value=""urn:oid:1.2.752.129.2.2.1.3""/>","","","","",,,,,"",,,,"Coding.system",0,1,"","ele-1:All FHIR elements must have a @value or children {hasValue() or (children().count() > id.count())}
","./codeSystem"
"HealthcareService.category:verksamhetskod.coding.version","HealthcareService.category.coding.version","","","",0,1,"","","Y","string {[]} {[]}
","Version of the system - if relevant","The version of the code system which was used when choosing this code. Note that a well-maintained code system does not need the version reported, because the meaning of codes is consistent across versions. However this cannot consistently be assured, and when the meaning is not guaranteed to be consistent, the version SHOULD be exchanged.","Where the terminology does not clearly define what string should be used to identify code system versions, the recommendation is to use the date (expressed in FHIR date format) on which that version was officially published as the version date.","","","","","","","","",,,,,"",,,,"Coding.version",0,1,"","ele-1:All FHIR elements must have a @value or children {hasValue() or (children().count() > id.count())}
","./codeSystemVersion"
"HealthcareService.category:verksamhetskod.coding.code","HealthcareService.category.coding.code","","","",0,1,"","","Y","code {[]} {[]}
","Symbol in syntax defined by the system","A symbol in syntax defined by the system. The symbol may be a predefined code or an expression in a syntax defined by the coding system (e.g. post-coordination).","","Need to refer to a particular code in the system.","","","","","","","",,,,,"",,,,"Coding.code",0,1,"cod-1
","ele-1:All FHIR elements must have a @value or children {hasValue() or (children().count() > id.count())}
","./code"
"HealthcareService.category:verksamhetskod.coding.display","HealthcareService.category.coding.display","","","",0,1,"","","Y","string {[]} {[]}
","Representation defined by the system","A representation of the meaning of the code in the system, following the rules of the system.","","Need to be able to carry a human-readable meaning of the code for readers that do not know  the system.","","","","","","","",,,,,"",,,,"Coding.display",0,1,"cod-1
","ele-1:All FHIR elements must have a @value or children {hasValue() or (children().count() > id.count())}
","CV.displayName"
"HealthcareService.category:verksamhetskod.coding.userSelected","HealthcareService.category.coding.userSelected","","","",0,1,"","","Y","boolean {[]} {[]}
","If this coding was chosen directly by the user","Indicates that this coding was chosen by a user directly - e.g. off a pick list of available items (codes or displays).","Amongst a set of alternatives, a directly chosen code is the most appropriate starting point for new translations. There is some ambiguity about what exactly 'directly chosen' implies, and trading partner agreement may be needed to clarify the use of this element and its consequences more completely.","This has been identified as a clinical safety criterium - that this exact system/code pair was chosen explicitly, rather than inferred by the system based on some rules or language processing.","","","","","","","",,,,,"",,,,"Coding.userSelected",0,1,"","ele-1:All FHIR elements must have a @value or children {hasValue() or (children().count() > id.count())}
","CD.codingRationale"
"HealthcareService.category:verksamhetskod.text","HealthcareService.category.text","","","",0,1,"","","Y","string {[]} {[]}
","Plain text representation of the concept","A human language representation of the concept as seen/selected/uttered by the user who entered the data and/or which represents the intended meaning of the user.","Very often the text is the same as a displayName of one of the codings.","The codes from the terminologies do not always capture the correct meaning with all the nuances of the human using them, or sometimes there is no appropriate code at all. In these cases, the text is used to capture the full meaning of the source.","","","","","","","",,,,,"",,,,"CodeableConcept.text",0,1,"","ele-1:All FHIR elements must have a @value or children {hasValue() or (children().count() > id.count())}
","./originalText[mediaType/code=""text/plain""]/data"
"HealthcareService.type","HealthcareService.type","","service type
","",0,*,"Y","","Y","CodeableConcept {[]} {[]}
","Type of service that may be delivered or performed","The specific type of service that may be delivered or performed.","","","","","","","","","",,"example","Additional details about where the content was created (e.g. clinical specialty).","http://hl7.org/fhir/ValueSet/service-type|5.0.0","","value:coding.system}
","",,"open","HealthcareService.type",0,*,"","ele-1:All FHIR elements must have a @value or children {hasValue() or (children().count() > id.count())}
",".actrelationship[typeCode=COMP.act[classCode=ACT][moodCode=DEF].code"
"HealthcareService.type:care-type","HealthcareService.type","care-type","service type
","",0,*,"Y","","Y","CodeableConcept {[]} {[]}
","Vård- och omsorgsform (careType, HSACAT-SVC-003)","The specific type of service that may be delivered or performed.","","","","","","","","","",,"example","Additional details about where the content was created (e.g. clinical specialty).","http://hl7.org/fhir/ValueSet/service-type|5.0.0","",,,,"HealthcareService.type",0,*,"","ele-1:All FHIR elements must have a @value or children {hasValue() or (children().count() > id.count())}
",".actrelationship[typeCode=COMP.act[classCode=ACT][moodCode=DEF].code"
"HealthcareService.type:care-type.id","HealthcareService.type.id","","","",0,1,"","","","id {[]} {[]}
","Unique id for inter-element referencing","Unique id for the element within a resource (for internal references). This may be any string value that does not contain spaces.","","","","","","","","","",,,,,"",,,,"Element.id",0,1,"ele-1
","","n/a"
"HealthcareService.type:care-type.extension","HealthcareService.type.extension","","extensions
user content","",0,*,"","","","Extension {[]} {[]}
","Additional content defined by implementations","May be used to represent additional information that is not part of the basic definition of the element. To make the use of extensions safe and managable, there is a strict set of governance applied to the definition and use of extensions. Though any implementer can define an extension, there is a set of requirements that SHALL be met as part of the definition of the extension.","There can be no stigma associated with the use of extensions by any application, project, or standard - regardless of the institution or jurisdiction that uses or defines the extensions.  The use of extensions is what allows the FHIR specification to retain a core level of simplicity for everyone.","","","","","","","","",,,,,"","value:url}
","Extensions are always sliced by (at least) url",,"open","Element.extension",0,*,"","ele-1:All FHIR elements must have a @value or children {hasValue() or (children().count() > id.count())}
ext-1:Must have either extensions or value[x], not both {extension.exists() != value.exists()}","n/a"
"HealthcareService.type:care-type.coding","HealthcareService.type.coding","","","",1,*,"","","Y","Coding {[]} {[]}
","Code defined by a terminology system","A reference to a code defined by a terminology system.","Codes may be defined very casually in enumerations, or code lists, up to very formal definitions such as SNOMED CT - see the HL7 v3 Core Principles for more information.  Ordering of codings is undefined and SHALL NOT be used to infer meaning. Generally, at most only one of the coding values will be labeled as UserSelected = true.","Allows for alternative encodings within a code system, and translations to other code systems.","","","","","","","",,"required","","https://hsa.inera.se/fhir/ValueSet/hsa-care-type","",,,,"CodeableConcept.coding",0,*,"","ele-1:All FHIR elements must have a @value or children {hasValue() or (children().count() > id.count())}
","union(., ./translation)"
"HealthcareService.type:care-type.coding.id","HealthcareService.type.coding.id","","","",0,1,"","","","id {[]} {[]}
","Unique id for inter-element referencing","Unique id for the element within a resource (for internal references). This may be any string value that does not contain spaces.","","","","","","","","","",,,,,"",,,,"Element.id",0,1,"ele-1
","","n/a"
"HealthcareService.type:care-type.coding.extension","HealthcareService.type.coding.extension","","extensions
user content","",0,*,"","","","Extension {[]} {[]}
","Additional content defined by implementations","May be used to represent additional information that is not part of the basic definition of the element. To make the use of extensions safe and managable, there is a strict set of governance applied to the definition and use of extensions. Though any implementer can define an extension, there is a set of requirements that SHALL be met as part of the definition of the extension.","There can be no stigma associated with the use of extensions by any application, project, or standard - regardless of the institution or jurisdiction that uses or defines the extensions.  The use of extensions is what allows the FHIR specification to retain a core level of simplicity for everyone.","","","","","","","","",,,,,"","value:url}
","Extensions are always sliced by (at least) url",,"open","Element.extension",0,*,"","ele-1:All FHIR elements must have a @value or children {hasValue() or (children().count() > id.count())}
ext-1:Must have either extensions or value[x], not both {extension.exists() != value.exists()}","n/a"
"HealthcareService.type:care-type.coding.system","HealthcareService.type.coding.system","","","",1,1,"","","Y","uri {[]} {[]}
","Identity of the terminology system","The identification of the code system that defines the meaning of the symbol in the code.","The URI may be an OID (urn:oid:...) or a UUID (urn:uuid:...).  OIDs and UUIDs SHALL be references to the HL7 OID registry. Otherwise, the URI should come from HL7's list of FHIR defined special URIs or it should be an absolute reference to some definition that establishes the system clearly and unambiguously.","Need to be unambiguous about the source of the definition of the symbol.","","","<valueUri xmlns=""http://hl7.org/fhir"" value=""urn:oid:1.2.752.129.2.2.1.13""/>","","","","",,,,,"",,,,"Coding.system",0,1,"","ele-1:All FHIR elements must have a @value or children {hasValue() or (children().count() > id.count())}
","./codeSystem"
"HealthcareService.type:care-type.coding.version","HealthcareService.type.coding.version","","","",0,1,"","","Y","string {[]} {[]}
","Version of the system - if relevant","The version of the code system which was used when choosing this code. Note that a well-maintained code system does not need the version reported, because the meaning of codes is consistent across versions. However this cannot consistently be assured, and when the meaning is not guaranteed to be consistent, the version SHOULD be exchanged.","Where the terminology does not clearly define what string should be used to identify code system versions, the recommendation is to use the date (expressed in FHIR date format) on which that version was officially published as the version date.","","","","","","","","",,,,,"",,,,"Coding.version",0,1,"","ele-1:All FHIR elements must have a @value or children {hasValue() or (children().count() > id.count())}
","./codeSystemVersion"
"HealthcareService.type:care-type.coding.code","HealthcareService.type.coding.code","","","",0,1,"","","Y","code {[]} {[]}
","Symbol in syntax defined by the system","A symbol in syntax defined by the system. The symbol may be a predefined code or an expression in a syntax defined by the coding system (e.g. post-coordination).","","Need to refer to a particular code in the system.","","","","","","","",,,,,"",,,,"Coding.code",0,1,"cod-1
","ele-1:All FHIR elements must have a @value or children {hasValue() or (children().count() > id.count())}
","./code"
"HealthcareService.type:care-type.coding.display","HealthcareService.type.coding.display","","","",0,1,"","","Y","string {[]} {[]}
","Representation defined by the system","A representation of the meaning of the code in the system, following the rules of the system.","","Need to be able to carry a human-readable meaning of the code for readers that do not know  the system.","","","","","","","",,,,,"",,,,"Coding.display",0,1,"cod-1
","ele-1:All FHIR elements must have a @value or children {hasValue() or (children().count() > id.count())}
","CV.displayName"
"HealthcareService.type:care-type.coding.userSelected","HealthcareService.type.coding.userSelected","","","",0,1,"","","Y","boolean {[]} {[]}
","If this coding was chosen directly by the user","Indicates that this coding was chosen by a user directly - e.g. off a pick list of available items (codes or displays).","Amongst a set of alternatives, a directly chosen code is the most appropriate starting point for new translations. There is some ambiguity about what exactly 'directly chosen' implies, and trading partner agreement may be needed to clarify the use of this element and its consequences more completely.","This has been identified as a clinical safety criterium - that this exact system/code pair was chosen explicitly, rather than inferred by the system based on some rules or language processing.","","","","","","","",,,,,"",,,,"Coding.userSelected",0,1,"","ele-1:All FHIR elements must have a @value or children {hasValue() or (children().count() > id.count())}
","CD.codingRationale"
"HealthcareService.type:care-type.text","HealthcareService.type.text","","","",0,1,"","","Y","string {[]} {[]}
","Plain text representation of the concept","A human language representation of the concept as seen/selected/uttered by the user who entered the data and/or which represents the intended meaning of the user.","Very often the text is the same as a displayName of one of the codings.","The codes from the terminologies do not always capture the correct meaning with all the nuances of the human using them, or sometimes there is no appropriate code at all. In these cases, the text is used to capture the full meaning of the source.","","","","","","","",,,,,"",,,,"CodeableConcept.text",0,1,"","ele-1:All FHIR elements must have a @value or children {hasValue() or (children().count() > id.count())}
","./originalText[mediaType/code=""text/plain""]/data"
"HealthcareService.specialty","HealthcareService.specialty","","","",0,*,"","","Y","CodeableConcept {[]} {[]}
","Specialties handled by the HealthcareService","Collection of specialties handled by the Healthcare service. This is more of a medical term.","","","","","","","","","",,"preferred","A specialty that a healthcare service may provide.","http://hl7.org/fhir/ValueSet/c80-practice-codes|5.0.0","",,,,"HealthcareService.specialty",0,*,"","ele-1:All FHIR elements must have a @value or children {hasValue() or (children().count() > id.count())}
",".actrelationship[typeCode=COMP.act[classCode=ACT][moodCode=DEF].code"
"HealthcareService.location","HealthcareService.location","","","",0,*,"Y","","Y","Reference {[]} {[CanonicalType[https://hsa.inera.se/fhir/StructureDefinition/hsa-catalog-location]]}
","Location(s) where service may be provided","The location(s) where this healthcare service may be provided.","","","","","","","","","",,,,,"",,,,"HealthcareService.location",0,*,"","ele-1:All FHIR elements must have a @value or children {hasValue() or (children().count() > id.count())}
","FiveWs.where[x]",".location.role[classCode=SDLOC]"
"HealthcareService.name","HealthcareService.name","","","",0,1,"Y","","Y","string {[]} {[]}
","Description of service as presented to a consumer while searching","Further description of the service as it would be presented to a consumer while searching.","","","","","","","","","",,,,,"",,,,"HealthcareService.name",0,1,"","ele-1:All FHIR elements must have a @value or children {hasValue() or (children().count() > id.count())}
",".name","Participant.name"
"HealthcareService.comment","HealthcareService.comment","","","",0,1,"Y","","Y","markdown {[]} {[]}
","Beskrivning ('Om oss' på 1177)","Any additional description of the service and/or any specific issues not covered by the other attributes, which can be displayed as further detail under the serviceName.","Would expect that a user would not see this information on a search results, and it would only be available when viewing the complete details of the service.","","","","","","","","",,,,,"",,,,"HealthcareService.comment",0,1,"","ele-1:All FHIR elements must have a @value or children {hasValue() or (children().count() > id.count())}
",".location.role[classCode=SDLOC].desc"
"HealthcareService.extraDetails","HealthcareService.extraDetails","","","",0,1,"","","","markdown {[]} {[]}
","Extra details about the service that can't be placed in the other fields","Extra details about the service that can't be placed in the other fields.","","","","","","","","","",,,,,"",,,,"HealthcareService.extraDetails",0,1,"","ele-1:All FHIR elements must have a @value or children {hasValue() or (children().count() > id.count())}
",".actrelationship[typeCode=COMP.act[classCode=ACT][moodCode=DEF].text"
"HealthcareService.photo","HealthcareService.photo","","","",0,1,"","","Y","Attachment {[]} {[]}
","Facilitates quick identification of the service","If there is a photo/symbol associated with this HealthcareService, it may be included here to facilitate quick identification of the service in a list.","","","","","","","","","",,,,,"",,,,"HealthcareService.photo",0,1,"","ele-1:All FHIR elements must have a @value or children {hasValue() or (children().count() > id.count())}
",".actrelationship[typeCode=SBJ].observation.value"
"HealthcareService.contact","HealthcareService.contact","","","",0,*,"Y","","","ExtendedContactDetail {[]} {[]}
","Kontaktuppgifter för tjänsten","The contact details of communication devices available relevant to the specific HealthcareService. This can include addresses, phone numbers, fax numbers, mobile numbers, email addresses and web sites.","The address/telecom use code 'home' are not to be used. Note that these contacts are not the contact details of people who provide the service (that would be through PractitionerRole), these are official contacts for the HealthcareService itself for specific purposes. E.g. Mailing Addresses, Billing Addresses, Contact numbers for Booking or Billing Enquiries, general web address, web address for online bookings etc.

If this is empty (or the type of interest is empty), refer to the location's contacts.","Need to keep track of both simple contact details and also assigned contacts within larger organizations.","","","","","","","",,,,,"",,,,"HealthcareService.contact",0,*,"","ele-1:All FHIR elements must have a @value or children {hasValue() or (children().count() > id.count())}
"
"HealthcareService.coverageArea","HealthcareService.coverageArea","","","",0,*,"","","","Reference {[]} {[CanonicalType[http://hl7.org/fhir/StructureDefinition/Location|5.0.0]]}
","Location(s) service is intended for/available to","The location(s) that this service is available to (not where the service is provided).","The locations referenced by the coverage area can include both specific locations, including areas, and also conceptual domains too (mode = kind), such as a physical area (tri-state area) and some other attribute (covered by Example Care Organization). These types of Locations are often not managed by any specific organization. This could also include generic locations such as ""in-home"".","","","","","","","","",,,,,"",,,,"HealthcareService.coverageArea",0,*,"","ele-1:All FHIR elements must have a @value or children {hasValue() or (children().count() > id.count())}
",".location.role[classCode=SDLOC].subjectOf.A_SpatialCoordinate"
"HealthcareService.serviceProvisionCode","HealthcareService.serviceProvisionCode","","","",0,*,"","","","CodeableConcept {[]} {[]}
","Conditions under which service is available/offered","The code(s) that detail the conditions under which the healthcare service is available/offered.","The provision means being commissioned by, contractually obliged or financially sourced. Types of costings that may apply to this healthcare service, such if the service may be available for free, some discounts available, or fees apply.","","","","","","","","",,"example","The code(s) that detail the conditions under which the healthcare service is available/offered.","http://hl7.org/fhir/ValueSet/service-provision-conditions|5.0.0","",,,,"HealthcareService.serviceProvisionCode",0,*,"","ele-1:All FHIR elements must have a @value or children {hasValue() or (children().count() > id.count())}
",".actrelationship[typeCode=PRCN].observation[moodCode=EVN.CRT]"
"HealthcareService.eligibility","HealthcareService.eligibility","","","",0,*,"","","","BackboneElement {[]} {[]}
","Specific eligibility requirements required to use the service","Does this service have specific eligibility requirements that need to be met in order to use the service?","","","","","","","","","",,,,,"",,,,"HealthcareService.eligibility",0,*,"","ele-1:All FHIR elements must have a @value or children {hasValue() or (children().count() > id.count())}
"
"HealthcareService.eligibility.id","HealthcareService.eligibility.id","","","",0,1,"","","","string {[]} {[]}
","Unique id for inter-element referencing","Unique id for the element within a resource (for internal references). This may be any string value that does not contain spaces.","","","","","","","","","",,,,,"",,,,"Element.id",0,1,"ele-1
","","n/a"
"HealthcareService.eligibility.extension","HealthcareService.eligibility.extension","","extensions
user content","",0,*,"","","","Extension {[]} {[]}
","Additional content defined by implementations","May be used to represent additional information that is not part of the basic definition of the element. To make the use of extensions safe and managable, there is a strict set of governance applied to the definition and use of extensions. Though any implementer can define an extension, there is a set of requirements that SHALL be met as part of the definition of the extension.","There can be no stigma associated with the use of extensions by any application, project, or standard - regardless of the institution or jurisdiction that uses or defines the extensions.  The use of extensions is what allows the FHIR specification to retain a core level of simplicity for everyone.","","","","","","","","",,,,,"",,,,"Element.extension",0,*,"","ele-1:All FHIR elements must have a @value or children {hasValue() or (children().count() > id.count())}
ext-1:Must have either extensions or value[x], not both {extension.exists() != value.exists()}","n/a"
"HealthcareService.eligibility.modifierExtension","HealthcareService.eligibility.modifierExtension","","extensions
user contentmodifiers","",0,*,"","Y","Y","Extension {[]} {[]}
","Extensions that cannot be ignored even if unrecognized","May be used to represent additional information that is not part of the basic definition of the element and that modifies the understanding of the element in which it is contained and/or the understanding of the containing element's descendants. Usually modifier elements provide negation or qualification. To make the use of extensions safe and managable, there is a strict set of governance applied to the definition and use of extensions. Though any implementer can define an extension, there is a set of requirements that SHALL be met as part of the definition of the extension. Applications processing a resource are required to check for modifier extensions.

Modifier extensions SHALL NOT change the meaning of any elements on Resource or DomainResource (including cannot change the meaning of modifierExtension itself).","There can be no stigma associated with the use of extensions by any application, project, or standard - regardless of the institution or jurisdiction that uses or defines the extensions.  The use of extensions is what allows the FHIR specification to retain a core level of simplicity for everyone.","Modifier extensions allow for extensions that *cannot* be safely ignored to be clearly distinguished from the vast majority of extensions which can be safely ignored.  This promotes interoperability by eliminating the need for implementers to prohibit the presence of extensions. For further information, see the [definition of modifier extensions](http://hl7.org/fhir/R5/extensibility.html#modifierExtension).","","","","","","","",,,,,"",,,,"BackboneElement.modifierExtension",0,*,"","ele-1:All FHIR elements must have a @value or children {hasValue() or (children().count() > id.count())}
ext-1:Must have either extensions or value[x], not both {extension.exists() != value.exists()}","N/A"
"HealthcareService.eligibility.code","HealthcareService.eligibility.code","","","",0,1,"","","","CodeableConcept {[]} {[]}
","Coded value for the eligibility","Coded value for the eligibility.","","","","","","","","","",,"example","Coded values underwhich a specific service is made available.","","",,,,"HealthcareService.eligibility.code",0,1,"","ele-1:All FHIR elements must have a @value or children {hasValue() or (children().count() > id.count())}
",".actrelationship[typeCode=PRCN].observation[moodCode=EVN.CRT]"
"HealthcareService.eligibility.comment","HealthcareService.eligibility.comment","","","",0,1,"","","","markdown {[]} {[]}
","Describes the eligibility conditions for the service","Describes the eligibility conditions for the service.","The description of service eligibility should, in general, not exceed one or two paragraphs. It should be sufficient for a prospective consumer to determine if they are likely to be eligible or not. Where eligibility requirements and conditions are complex, it may simply be noted that an eligibility assessment is required. Where eligibility is determined by an outside source, such as an Act of Parliament, this should be noted, preferably with a reference to a commonly available copy of the source document such as a web page.","","","","","","","","",,,,,"",,,,"HealthcareService.eligibility.comment",0,1,"","ele-1:All FHIR elements must have a @value or children {hasValue() or (children().count() > id.count())}
",".actrelationship[typeCode=PRCN].observation[moodCode=EVN.CRT].text"
"HealthcareService.program","HealthcareService.program","","","",0,*,"","","","CodeableConcept {[]} {[]}
","Programs that this service is applicable to","Programs that this service is applicable to.","Programs are often defined externally to an Organization, commonly by governments; e.g. Home and Community Care Programs, Homeless Program, ….","","","","","","","","",,"example","Government or local programs that this service applies to.","http://hl7.org/fhir/ValueSet/program|5.0.0","",,,,"HealthcareService.program",0,*,"","ele-1:All FHIR elements must have a @value or children {hasValue() or (children().count() > id.count())}
",".actrelationship[typeCode=PERT].observation"
"HealthcareService.characteristic","HealthcareService.characteristic","","","",0,*,"","","","CodeableConcept {[]} {[]}
","Collection of characteristics (attributes)","Collection of characteristics (attributes).","These could be such things as is wheelchair accessible.","","","","","","","","",,"example","A custom attribute that could be provided at a service (e.g. Wheelchair accessibility).","http://hl7.org/fhir/ValueSet/service-mode|5.0.0","",,,,"HealthcareService.characteristic",0,*,"","ele-1:All FHIR elements must have a @value or children {hasValue() or (children().count() > id.count())}
",".actrelationship[typeCode=PERT].observation"
"HealthcareService.communication","HealthcareService.communication","","","",0,*,"","","","CodeableConcept {[]} {[]}
","The language that this service is offered in","Some services are specifically made available in multiple languages, this property permits a directory to declare the languages this is offered in. Typically this is only provided where a service operates in communities with mixed languages used.","When using this property it indicates that the service is available with this language, it is not derived from the practitioners, and not all are required to use this language, just that this language is available while scheduling.","","","","","","","","",,"required","IETF language tag for a human language","http://hl7.org/fhir/ValueSet/all-languages|5.0.0","",,,,"HealthcareService.communication",0,*,"","ele-1:All FHIR elements must have a @value or children {hasValue() or (children().count() > id.count())}
"
"HealthcareService.referralMethod","HealthcareService.referralMethod","","","",0,*,"","","","CodeableConcept {[]} {[]}
","Ways that the service accepts referrals","Ways that the service accepts referrals, if this is not provided then it is implied that no referral is required.","","","","","","","","","",,"example","The methods of referral can be used when referring to a specific HealthcareService resource.","http://hl7.org/fhir/ValueSet/service-referral-method|5.0.0","",,,,"HealthcareService.referralMethod",0,*,"","ele-1:All FHIR elements must have a @value or children {hasValue() or (children().count() > id.count())}
",".actrelationship[typeCode=PERT].observation"
"HealthcareService.appointmentRequired","HealthcareService.appointmentRequired","","","",0,1,"","","","boolean {[]} {[]}
","If an appointment is required for access to this service","Indicates whether or not a prospective consumer will require an appointment for a particular service at a site to be provided by the Organization. Indicates if an appointment is required for access to this service.","","","","","","","","","",,,,,"",,,,"HealthcareService.appointmentRequired",0,1,"","ele-1:All FHIR elements must have a @value or children {hasValue() or (children().count() > id.count())}
",".actrelationship[typeCode=PERT].observation"
"HealthcareService.availability","HealthcareService.availability","","","",0,*,"Y","","","Availability {[]} {[]}
","Tillgänglighet / öppettider","A collection of times that the healthcare service is available.","More detailed availability information may be provided in associated Schedule/Slot resources.

Systems may choose to render availability differently than it is exchanged on the interface. For example, rather than ""Mon, Tue, Wed, Thur, Fri from 9am-12am; Mon, Tue, Wed, Thur, Fri from 1pm-5pm"" as would be implied by two availableTime repetitions, an application could render this information as ""Mon-Fri 9-12am and 1-5pm"".The NotAvailableTime(s) included indicate the general days/periods where the service is not available (for things such as public holidays).","","","","","","","","",,,,,"",,,,"HealthcareService.availability",0,*,"","ele-1:All FHIR elements must have a @value or children {hasValue() or (children().count() > id.count())}
",".effectiveTime"
"HealthcareService.availability.id","HealthcareService.availability.id","","","",0,1,"","","","id {[]} {[]}
","Unique id for inter-element referencing","Unique id for the element within a resource (for internal references). This may be any string value that does not contain spaces.","","","","","","","","","",,,,,"",,,,"Element.id",0,1,"ele-1
","","n/a"
"HealthcareService.availability.extension","HealthcareService.availability.extension","","extensions
user content","",0,*,"","","","Extension {[]} {[]}
","Additional content defined by implementations","May be used to represent additional information that is not part of the basic definition of the element. To make the use of extensions safe and managable, there is a strict set of governance applied to the definition and use of extensions. Though any implementer can define an extension, there is a set of requirements that SHALL be met as part of the definition of the extension.","There can be no stigma associated with the use of extensions by any application, project, or standard - regardless of the institution or jurisdiction that uses or defines the extensions.  The use of extensions is what allows the FHIR specification to retain a core level of simplicity for everyone.","","","","","","","","",,,,,"","value:url}
","Extensions are always sliced by (at least) url",,"open","Element.extension",0,*,"","ele-1:All FHIR elements must have a @value or children {hasValue() or (children().count() > id.count())}
ext-1:Must have either extensions or value[x], not both {extension.exists() != value.exists()}","n/a"
"HealthcareService.availability.availableTime","HealthcareService.availability.availableTime","","","",0,*,"Y","","Y","Element {[]} {[]}
","Öppettider per veckodag","Times the {item} is available.","","A collection of times that the {item} is available.","","","","","","","",,,,,"",,,,"Availability.availableTime",0,*,"","av-1:Cannot include start/end times when selecting all day availability. {allDay.exists().not() or (allDay implies availableStartTime.exists().not() and availableEndTime.exists().not())}
ele-1:All FHIR elements must have a @value or children {hasValue() or (children().count() > id.count())}"
"HealthcareService.availability.availableTime.id","HealthcareService.availability.availableTime.id","","","",0,1,"","","","string {[]} {[]}
","Unique id for inter-element referencing","Unique id for the element within a resource (for internal references). This may be any string value that does not contain spaces.","","","","","","","","","",,,,,"",,,,"Element.id",0,1,"ele-1
","","n/a"
"HealthcareService.availability.availableTime.extension","HealthcareService.availability.availableTime.extension","","extensions
user content","",0,*,"","","","Extension {[]} {[]}
","Additional content defined by implementations","May be used to represent additional information that is not part of the basic definition of the element. To make the use of extensions safe and managable, there is a strict set of governance applied to the definition and use of extensions. Though any implementer can define an extension, there is a set of requirements that SHALL be met as part of the definition of the extension.","There can be no stigma associated with the use of extensions by any application, project, or standard - regardless of the institution or jurisdiction that uses or defines the extensions.  The use of extensions is what allows the FHIR specification to retain a core level of simplicity for everyone.","","","","","","","","",,,,,"","value:url}
","Extensions are always sliced by (at least) url",,"open","Element.extension",0,*,"","ele-1:All FHIR elements must have a @value or children {hasValue() or (children().count() > id.count())}
ext-1:Must have either extensions or value[x], not both {extension.exists() != value.exists()}","n/a"
"HealthcareService.availability.availableTime.daysOfWeek","HealthcareService.availability.availableTime.daysOfWeek","","","",0,*,"","","Y","code {[]} {[]}
","mon | tue | wed | thu | fri | sat | sun","mon | tue | wed | thu | fri | sat | sun.","","Indicates which days of the week are available between the start and end Times.","","","","","","","",,"required","The purpose for which an extended contact detail should be used.","http://hl7.org/fhir/ValueSet/days-of-week|5.0.0","",,,,"Availability.availableTime.daysOfWeek",0,*,"","ele-1:All FHIR elements must have a @value or children {hasValue() or (children().count() > id.count())}
"
"HealthcareService.availability.availableTime.allDay","HealthcareService.availability.availableTime.allDay","","","",0,1,"","","Y","boolean {[]} {[]}
","Always available? i.e. 24 hour service","Always available? i.e. 24 hour service.","","Is this always available? (hence times are irrelevant) i.e. 24 hour service.","","","","","","","",,,,,"",,,,"Availability.availableTime.allDay",0,1,"av-1
","ele-1:All FHIR elements must have a @value or children {hasValue() or (children().count() > id.count())}
"
"HealthcareService.availability.availableTime.availableStartTime","HealthcareService.availability.availableTime.availableStartTime","","","",0,1,"","","Y","time {[]} {[]}
","Opening time of day (ignored if allDay = true)","Opening time of day (ignored if allDay = true).","The timezone is expected to be specified or implied by the context this datatype is used.","The opening time of day. Note: If the AllDay flag is set, then this time is ignored.","","","","","","","",,,,,"",,,,"Availability.availableTime.availableStartTime",0,1,"av-1
","ele-1:All FHIR elements must have a @value or children {hasValue() or (children().count() > id.count())}
"
"HealthcareService.availability.availableTime.availableEndTime","HealthcareService.availability.availableTime.availableEndTime","","","",0,1,"","","Y","time {[]} {[]}
","Closing time of day (ignored if allDay = true)","Closing time of day (ignored if allDay = true).","The timezone is expected to be specified or implied by the context this datatype is used.","The closing time of day. Note: If the AllDay flag is set, then this time is ignored.","","","","","","","",,,,,"",,,,"Availability.availableTime.availableEndTime",0,1,"av-1
","ele-1:All FHIR elements must have a @value or children {hasValue() or (children().count() > id.count())}
"
"HealthcareService.availability.notAvailableTime","HealthcareService.availability.notAvailableTime","","","",0,*,"","","Y","Element {[]} {[]}
","Not available during this time due to provided reason","Not available during this time due to provided reason.","","The {item} is not available during this period of time due to the provided reason.","","","","","","","",,,,,"",,,,"Availability.notAvailableTime",0,*,"","ele-1:All FHIR elements must have a @value or children {hasValue() or (children().count() > id.count())}
"
"HealthcareService.availability.notAvailableTime.id","HealthcareService.availability.notAvailableTime.id","","","",0,1,"","","","string {[]} {[]}
","Unique id for inter-element referencing","Unique id for the element within a resource (for internal references). This may be any string value that does not contain spaces.","","","","","","","","","",,,,,"",,,,"Element.id",0,1,"ele-1
","","n/a"
"HealthcareService.availability.notAvailableTime.extension","HealthcareService.availability.notAvailableTime.extension","","extensions
user content","",0,*,"","","","Extension {[]} {[]}
","Additional content defined by implementations","May be used to represent additional information that is not part of the basic definition of the element. To make the use of extensions safe and managable, there is a strict set of governance applied to the definition and use of extensions. Though any implementer can define an extension, there is a set of requirements that SHALL be met as part of the definition of the extension.","There can be no stigma associated with the use of extensions by any application, project, or standard - regardless of the institution or jurisdiction that uses or defines the extensions.  The use of extensions is what allows the FHIR specification to retain a core level of simplicity for everyone.","","","","","","","","",,,,,"","value:url}
","Extensions are always sliced by (at least) url",,"open","Element.extension",0,*,"","ele-1:All FHIR elements must have a @value or children {hasValue() or (children().count() > id.count())}
ext-1:Must have either extensions or value[x], not both {extension.exists() != value.exists()}","n/a"
"HealthcareService.availability.notAvailableTime.description","HealthcareService.availability.notAvailableTime.description","","","",0,1,"","","Y","string {[]} {[]}
","Reason presented to the user explaining why time not available","Reason presented to the user explaining why time not available.","The reason will generally be provided to give the textual reason for displaying when the {item} is not available, e.g. 'Closed public holidays' or 'Independence Day'. In cases such as this, the `during` might not be included and local knowledge would be required in such cases (as don't desire to keep updating when the holiday occurs each year).

e.g.2: 'Closed for maintenance over the summer' for this example you would want to include the `during` period, unless this was a university hospital and the ""summer"" period was well known, but would recommend its inclusion anyway.","The reason that can be presented to the user as to why this time is not available.","","","","","","","",,,,,"",,,,"Availability.notAvailableTime.description",0,1,"","ele-1:All FHIR elements must have a @value or children {hasValue() or (children().count() > id.count())}
"
"HealthcareService.availability.notAvailableTime.during","HealthcareService.availability.notAvailableTime.during","","","",0,1,"","","Y","Period {[]} {[]}
","Service not available during this period","Service not available during this period.","","The {item} is not available (seasonally or for a public holiday) during this period.","","","","","","","",,,,,"",,,,"Availability.notAvailableTime.during",0,1,"","ele-1:All FHIR elements must have a @value or children {hasValue() or (children().count() > id.count())}
"
"HealthcareService.endpoint","HealthcareService.endpoint","","","",0,*,"Y","","","Reference {[]} {[CanonicalType[http://hl7.org/fhir/StructureDefinition/Endpoint|5.0.0]]}
","Technical endpoints providing access to electronic services operated for the healthcare service","Technical endpoints providing access to services operated for the specific healthcare services defined at this resource.","","","","","","","","","",,,,,"",,,,"HealthcareService.endpoint",0,*,"","ele-1:All FHIR elements must have a @value or children {hasValue() or (children().count() > id.count())}
","n/a"
